Bias: 0.0883882 0.498606 -0.192237 -0.225643 -0.202986 0.337387 0.492392 -0.378505 
Weights: 0.0883882, 0.498606, -0.192237, -0.225643, -0.202986, 0.337387, 0.492392, -0.378505, 0.174707, 0.289964, -0.176566, -0.0890466, 0.464011, 0.0977563, -0.0747116, -0.179186, -0.387672, 0.156685, 0.396763, 0.163871, -0.347555, 0.161215, 0.40124, 0.121386, -0.0582743, -0.178808, 0.443577, 0.0854848, 0.0230515, 0.343403, 0.201804, 0.101254, 0.413756, 0.228725, -0.392687, 0.305022, -0.0608484, 0.0060341, 0.393663, -0.0173984, 0.0559042, 0.357518, 0.30257, 0.376668, 0.14234, -0.0381443, 0.0163791, -0.180164, 0.195689, 0.0580821, -0.16776, 0.0569814, -0.271095, 0.223116, -0.475364, 0.0926328, 0.0061297, -0.338429, 0.393725, 0.0131179, -0.207723, -0.296026, 0.0254685, -0.240729, 0.290662, 0.180188, -0.306817, 0.00927613, 0.37434, 0.267375, -0.15453, -0.259941, -0.0329586, 0.0232179, -0.0882589, 0.211924, 0.302485, -0.465395, 0.297113, 0.0298, -0.255424, 0.0950433, -0.493201, 0.387198, -0.218439, -0.0878063, -0.27663, -0.18966, -0.348982, -0.210474, -0.232789, -0.0718565, -0.401074, -0.321769, -0.225299, -0.138247, 0.0411653, -0.20941, 0.468472, 0.0649849, -0.147813, 0.260647, -0.495487, 0.353673, -0.0956114, -0.0889727, 0.443833, 0.0468353, -0.487945, 0.200253, 0.108264, 0.0764869, -0.151083, -0.0761, 0.399845, -0.471762, -0.267245, -0.357395, -0.330219, 0.306514, -0.244428, -0.499103, -0.456246, 0.0216964, 0.490225, -0.178489, -0.118379, 0.477028
Bias: 0.0883882 0.498606 -0.192237 -0.225643 -0.202986 0.337387 0.492392 -0.378505 
Weights: 0.0883882, 0.498606, -0.192237, -0.225643, -0.202986, 0.337387, 0.492392, -0.378505, 0.174707, 0.289964, -0.176566, -0.0890466, 0.464011, 0.0977563, -0.0747116, -0.179186, -0.387672, 0.156685, 0.396763, 0.163871, -0.347555, 0.161215, 0.40124, 0.121386, -0.0582743, -0.178808, 0.443577, 0.0854848, 0.0230515, 0.343403, 0.201804, 0.101254, 0.413756, 0.228725, -0.392687, 0.305022, -0.0608484, 0.0060341, 0.393663, -0.0173984, 0.0559042, 0.357518, 0.30257, 0.376668, 0.14234, -0.0381443, 0.0163791, -0.180164, 0.195689, 0.0580821, -0.16776, 0.0569814, -0.271095, 0.223116, -0.475364, 0.0926328, 0.0061297, -0.338429, 0.393725, 0.0131179, -0.207723, -0.296026, 0.0254685, -0.240729
Bias: 0.0883882 0.498606 -0.192237 -0.225643 -0.202986 0.337387 0.492392 -0.378505 
Weights: 0.0883882, 0.498606, -0.192237, -0.225643, -0.202986, 0.337387, 0.492392, -0.378505, 0.174707, 0.289964, -0.176566, -0.0890466, 0.464011, 0.0977563, -0.0747116, -0.179186, -0.387672, 0.156685, 0.396763, 0.163871, -0.347555, 0.161215, 0.40124, 0.121386, -0.0582743, -0.178808, 0.443577, 0.0854848, 0.0230515, 0.343403, 0.201804, 0.101254, 0.413756, 0.228725, -0.392687, 0.305022, -0.0608484, 0.0060341, 0.393663, -0.0173984, 0.0559042, 0.357518, 0.30257, 0.376668, 0.14234, -0.0381443, 0.0163791, -0.180164, 0.195689, 0.0580821, -0.16776, 0.0569814, -0.271095, 0.223116, -0.475364, 0.0926328, 0.0061297, -0.338429, 0.393725, 0.0131179, -0.207723, -0.296026, 0.0254685, -0.240729
Bias: 0.0883882 0.498606 
Weights: 0.0883882, 0.498606, -0.192237, -0.225643, -0.202986, 0.337387, 0.492392, -0.378505, 0.174707, 0.289964, -0.176566, -0.0890466, 0.464011, 0.0977563, -0.0747116, -0.179186
389.05, 133.34, 62.14, 32.6, 36.97, 29.03, 62.28, 114.07, 79.41, 212.39, 70.29, 36.73, 31.3, 76.01, 103.99, 214.09
